7 0 0 0 0 8 0 1 1 0 8 0 0 0 0 7
7 0 0 0 0 0 0 1 1 0 0 0 0 0 0 7
0 0 0 0 0 0 0 1 1 0 0 0 0 0 0 0
7 0 0 0 0 8 0 1 1 0 8 0 0 0 0 7
7 0 0 0 0 0 0 1 1 0 0 0 0 0 0 7
0 0 0 0 0 0 0 1 1 0 0 0 0 0 0 0
7 0 0 0 0 8 0 1 1 0 8 0 0 0 0 7
7 0 0 0 0 0 0 1 1 0 0 0 0 0 0 7
0 0 0 0 0 0 0 1 1 0 0 0 0 0 0 0
7 0 0 0 0 8 0 2 2 0 8 0 0 0 0 7
7 0 0 0 0 0 0 0 0 0 0 0 0 0 0 7
0 0 0 0 0 0 0 0 0 0 0 0 0 0 0 0
0 0 0 0 0 0 0 0 0 0 0 0 0 0 0 0
7 0 0 0 0 0 0 0 0 0 0 0 0 0 0 7
7 0 0 0 0 8 0 2 2 0 8 0 0 0 0 7
0 0 0 0 0 0 0 1 1 0 0 0 0 0 0 0
7 0 0 0 0 0 0 1 1 0 0 0 0 0 0 7
7 0 0 0 0 8 0 1 1 0 8 0 0 0 0 7
0 0 0 0 0 0 0 1 1 0 0 0 0 0 0 0
7 0 0 0 0 0 0 1 1 0 0 0 0 0 0 7
7 0 0 0 0 8 0 1 1 0 8 0 0 0 0 7
0 0 0 0 0 0 0 1 1 0 0 0 0 0 0 0
7 0 0 0 0 0 0 1 1 0 0 0 0 0 0 7
7 0 0 0 0 8 0 1 1 0 8 0 0 0 0 7

1 2 3 4 5 6 7 8 9 0 1 2 3 4 5 6